0	1	-62.59
1	0	-62.59
0	2	-70.45
2	0	-70.45
1	3	-65.29
3	1	-65.29
1	4	-62.59
4	1	-62.59
2	5	-70.31
5	2	-70.31
4	6	-59.87
6	4	-59.87
5	7	-70.45
7	5	-70.45
6	8	-62.59
8	6	-62.59
6	9	-65.29
9	6	-65.29
6	10	-59.87
10	6	-59.87
7	11	-73.45
11	7	-73.45
7	12	-62.59
12	7	-62.59

